95
2789 205886 5
5303 577653 4
8429 327368 2
2684 313879 3
1209 371972 7
7800 282033 2
4131 988357 1
573 319349 5
39 1000000 3
2965 769993 4
1002 914907 8
1813 539974 3
5230 55195 9
490 499674 1
4401 792858 5
2590 45700 5
6311 744038 5
1033 109791 2
2519 171840 3
3976 759716 7
1516 476245 5
1056 45030 4
8483 164651 3
3207 523325 2
8984 321196 7
0 1000000000000000000 1000000000
2871 611476 1
3491 376189 1
121 131 1
9974 603759 9
5579 763362 2
886 56750 8
3127 909969 3
9628 221919 9
3725 832955 1
5759 165757 6
121 121 11
10 22322 2
9151 163110 6
1363 123520 8
9046 160519 7
1616 875376 6
6916 519450 6
7597 115191 5
852 514597 2
5630 555906 6
3286 977701 4
8764 690922 4
4017 755925 4
7243 39232 6
9597 30751 2
999 99999 78788
100000 1000000000000000000 3
0 132 1
8229 384684 2
8135 346033 4
22322 22322 1
332 539995 7
1000000000 1000000000000000000 1
4945 279540 7
258 978067 6
34432 9999920 222
8621 305784 1
2228 961000 6
1396 974496 5
9352 507517 9
5272 393026 2
9385 146808 1
21345 4441283 13
7977 626769 9
2433 588437 7
4766 385349 3
8989 909410 5
9929 160753 4
6153 882984 8
8892 186601 5
2035 587687 6
9286 976503 2
8324 696474 7
1405 52064 3
0 1000000000000000000 1
6673 645665 9
7075 952308 3
3825 934105 6
3263 62970 1
9412 458712 2
0 100 2
6574 530230 2
2791 674701 5
3376 156586 6
3748 207521 4
646 753992 3
3901 458931 4
121 132 1
9523 81976 5
