100
8984 321196 7
6673 645665 9
7597 115191 5
2519 171840 3
9628 221919 9
8989 909410 5
4401 792858 5
1363 123520 8
8764 690922 4
2433 588437 7
2228 961000 6
4017 755925 4
7075 952308 3
2684 313879 3
1033 109791 2
258 978067 6
9385 146808 1
121 131 1
6574 530230 2
646 753992 3
4766 385349 3
3207 523325 2
3263 62970 1
6153 882984 8
3286 977701 4
1002 914907 8
886 56750 8
5541 34105 7
573 319349 5
1616 875376 6
490 499674 1
9352 507517 9
332 539995 7
2965 769993 4
3127 909969 3
3376 156586 6
22322 22322 1
3725 832955 1
3976 759716 7
9151 163110 6
6916 519450 6
121 121 11
39 1000000 3
8229 384684 2
5230 55195 9
1405 52064 3
8135 346033 4
1056 45030 4
3748 207521 4
2789 205886 5
8483 164651 3
100000 1000000000000000000 3
2590 45700 5
7977 626769 9
34432 9999920 222
8429 327368 2
999 99999 78788
9412 458712 2
0 132 1
5579 763362 2
9523 81976 5
10 22322 2
8324 696474 7
0 1000000000000000000 1000000000
1516 476245 5
6311 744038 5
9974 603759 9
7800 282033 2
9597 30751 2
8892 186601 5
5630 555906 6
5759 165757 6
0 1000000000000000000 1
21345 4441283 13
2035 587687 6
4131 988357 1
2871 611476 1
5272 393026 2
1396 974496 5
7243 39232 6
1813 539974 3
1209 371972 7
9481 668314 4
2791 674701 5
9286 976503 2
1000000000 1000000000000000000 1
981 265444 4
3825 934105 6
701 837097 8
3901 458931 4
2739 884729 5
0 100 2
9046 160519 7
5303 577653 4
8621 305784 1
9929 160753 4
3491 376189 1
852 514597 2
121 132 1
4945 279540 7
